10

1317 17177711711119 117171 1179711 171 17171 3311111771 117 1779717171

9177971771. 11. [7771 1717717 1113711 7. 31117 377977 1171 3117717717
1.1131711111119111111711, 33 grtfffflmegtssuzusseaemmg, 93379930333333333313
3332111ἐ121ἰ132310221 22232312223711111179771113711, 1017137137111 117 1113719131·
. 22111711 372171 111 1111277171 37131713319311713131339131371. 33 77,111111313131719111179171.

1711113117 113771 37191771 3711.

4. 0440 377119 71 111 177711. mmmm 133771 1777117111 111 1171771
1.111911171771111111771711 14 1719111 1797 17113711.

3· 3321 32113 221 1212· · 1. 117711 77177 11713711. 11117717111113711.
11132 3123321223 1212· 1177111 7177111111111179,113191311191113711.
332333212231122·11111711111917713711.17,111711773711717111111111119.
9 32221211 3121322231122· 4 7111111 11771119 1773 3711. 13117711 111171 111 1177191111
10· 3221211 3111121 227 11712 1,117711117111117713711. -111111171171113711

113221 21122213221211·1311171119117713711. 201171119711111771113711.
13· 3112 2122233212117111 17772171711111133711. 2111171111111113711.

13 1192 3132212 223122211117119117111171 1111171117. 211117171111117111 abngeyae'
11 332121133211122931212·1191111777111771117133711.23.2111777371177717111111 117719.
15· 311222 3112112221 213 1212· 10, 1771379711 177171111711711111111. .

11ἓ171771 13131111117111711111. 1117117 17171 117 711. mma
17,1171111717711111111717719.111119 11717 1171 1711179.

13. 317111 3777117177 111 1111171 771,

1177797711. 14·121227ὲ701τ“7α177777 111 119171 1712 3· 33333 mfflussffi 2:2¹} 3393399

1. 17111 1171171977 117 11111177. 71 999999 99799997 aue 9999 3· 3132033ὲξ3 223 391291721912 bd
2· 117222711111117311· 7. 1719171 1111111 1111 111917.

³· 1 77772ι Q... 7 77 7777 77 777· 11131121 121111·

177 7177.
1. 71313373 1337333713 137313 mat. 9393139333ἐ3033ἓ3αῗς3ἓ3933α 333 3333· 11177 3317317111 3711.

7717177171. 7777171177... 444444444444441...

111771717111137911119 117111113321373 229 31222

hut, mmmm 10. 371713ῐὲ1ῑὶ71117777 11111171177171·

1311131313 13131311311117 199... 99.. ..9 9... 111111 111 11111

1137717111171111137711111171, 2 1171711917111711113711. 33333333333333333333 3333·
131221312211 223 zena 3. 31731 3779711177 1171317977. 33 mmm 31333333 933 3333·
113111111171113711. . 1371111111 711113711. 15· ἓὲὖπᾶζῗξαωὲ {3:¹2³
1111177771111119771171 11171. 5999999999 muggam 16 ατί1ἳπιιαῐετ aune 32an
11. 1117711171 1719171 111 171191911111771 1111717 111 3711.17 &nn 44thoe m Μ
11117179 1111771177 111 11711717. 7. 3111 3711737 11713711.18 mm gom aue zm

17· 1321 317711111111711717. 3. 1117771171777171 1771 3711.

⁹ 32· 32112 ⁰¹¹⁶ 12· 1731 111111 1313193111 11 11911
9711711171.. 71. 7777111 9117711117 9111

3111111171,
34 ο 2171171771 111 111711. 11. 73713113313131313173931371 ²¹ 3233 3123213312

3331131133133111333 1337313137313931313111331313137133 33331 1373133 112313 13913 ab 21711

1791717 17713 3711·

3111 1, 1. 11171713 1771 11717111113771 21711197 111 3777977.

l.
2.
31771111171111113711.11177111711171177711171111719.333333333933333333333
Ξ17711711111191711111711.1192111711111713711.97777771.

17711171 21797 1171 7177111. 171111 1911133711.

1777 1117917171 1771 3711. 177. 3719 1171113 111 21111119 177 31177 1. 171137117971 1171 3711.
7117179 117717 111 1171171113.131111171711111 17113711.
13111111771113711. 3.(17179111971113711.
11,171917ᾑ131771ἐ711117177771 (711711 gaman„ 54 117179Ὲ317Ῐ11977811137771
7 7. 711 711.
14. 11171 1773131771 1711333111. 1. 11191771 11779177 113 1737711111 1119391317737371133711.
1113111133711. 1713711. ,7.1911771911773711
14. 737117171177111131731171171 12177117177111 711.8ἓ7ὧ7131711177711191113717.
711117711111.13171711197111 711. 2.117111711113,711
11.111173719971111111117717.111111117717111 1111777711 10,71717111197111111717717.
Μὲο3117111111171117111. 11111117 31191111311. 11. 131111711713711.

1 11711171113111 11711111131197111 171797197111213·ἔ1191119111311
13. 1111777 1117111117 1171 17171111, 1713711. 1131971113 1113711.

 

