7

14. 2222222222 u. 3222222222 2222222222 je 2 62. 8222222 in IV, V, vl, 462. 2222222
ι 22 V! 3 62. 2222222 in vl, 3 62. 22 VI (2 62. 2222222. 22 VI 22222222). Ι
. 15. 2222222222· 2. 2222222222 222222. 14 62. 222222, 2 62. 222222 ml , 462. 22222. 2.

, 22· 22.3222222222 221·

16. Dr. 2222222 222 2222222222 2222 Dr. 2222222222 10 62. 222. 22 V. mit bem 222222222222222,

17. ἒῆῗὲῐεῇῧῖτεῗῃ ’.1221212222 222 2222222222 222 Dr. 2122222 22 62222222 10 62. 222. 22 vl,

18. 22226θῖ222222 212212122Β222222222 ie 262. 222222. in ΠΙΑ 2. ΙΙ Β.

19. 2322222222 Dr. 2222222 22 62 562. 222222. 2212, 3 62. 2222222 22 V, 222 222 ie
262. 22222. 22 IIA ιι. ΠΒ, 3 62. 2222222 m V. ¹

20. 2222222222 22222 62222222 22 62 3 62. 122222.. 2 62. 2222222. m 111 A, 2 62. 2222..
2 62. 2222. 22 1V; 22 Q: 362. 222222. ι2 111 Β, 2 62. 222222, 2 62. 2222. tn IV.

21. 2222222222 222 22222 Dr. 2222222 222 222222. 622222222222222222 22222222 2222222, 222 6.
2 62. 2222222. 22 VI; im 22. 2 62. 222222 in IB 22 22222222.

ΙΙ. 222 2222222222 2222222 22 222 2222 222222 2222222 22 2222222222 222222 222 &qeins
2222 222 22222222222222 222222. 2222 2222222222 2226 2222222222, 2222 22222 im 22222222 en
6222222222 2222222222 22222222 qe 2222 222, 2222222 222 22222 222 222222 222222222222222 22222 222
222 2222222222 222 22222222222222222222 (2222222, 22 2222 ,222 2222222222 22 Ι222 2222222222. 22
in 222222 22222 22222 222 222222222222 222222 222222 2222222222 un 222 6ι 22222 222222 2222222
2222222222 222 2222222 22222222 2222222222 2222222222. 22222222 22222222 222 222 222 &med 2222222

2222222222 2222222222 2222 222222 222222 2222222222 222222.

ΙΙΙ. 2222222222 22222 22 222 2222222222 222 2222222222 222 2222222222 22222.
2222222222 2222222 222 222 222 222222222222222 222 2222222 2222222. ,222 222 222 2222222222
ι2 222 222222 222222 2222222222 222222 2222222222 tm 2222222222 2 222 2222 222 62222
2222222 2222222222 einer 2222222222 222222222222222 2222ι 22222222 2222 22; 22 22222 22222 2222
22222. 2222222222 2222222222 22 222 222222 2122222222 2222 22 222 222222 62222 22 2222222222 2222
2222222222, mel 2 2222 2222222222 22222222222222 22 222 2222222222 222222 222 2222222 bem
222222 2222 222 222222 22222222 2 222222 22222 22
22222222 2222222222· 2222 22222222222222222222
222222, 222222 2222 222 222222 2222222222, 22222922 piel 62222 222222 222 22 222222 222222 222 2ίὲ
2122222222 gicht, 2222 ’222 2222222 22 22222. 2222 22222222 222 2222 222 2222222222 22
2. 22. 22. 222 22222 222 2222222222, geren 2222222222 222 222222). 6222222. 2222222222 222222.
22222222 2222222222222 222 22222222 iiber 2ι2 2222222222 222 222222222222222222 m 222
, 222222 222222 222 222 222222 2222222222 2222222 gu 2222 222222 222 2222222222 22222222, 2222

22222 222222 2222222 gu 22222222 2222 22222. - 2222 222 2222 22222 2222222222 2222222222 222222,

222222 2222222222 22222, 222 222 222222222222222 222 2222222222 222 222222 6222222, 222222
22 m 222 2222222222 2222222, 22 2222222. 222 2222222222, 222 222 22222 222 22222222 222 2222222
2222222222 222 622222 22 2222222 22222, 222 immet 2222222222 222 22222 2222222, 222 222 2222 2222
222 2222222222 22222222. 22 22222222 222 22222222 2222222 222. 62 222222 22222222, 222 2222222222
622222 222 2222222 222 2222222222 2222222, 22222 2222222222 22 2222222 222222 22222, 222222 22 22
22222 511 22222 2222222222 6222222222 (22222222 3-4) 22222222 222 22 2222222222 6222222
2222222, 22222 2222222 ξεττ 222222 mit 2222222222222 2222ιί222222ῐεί2 2222222222 222, 2222222222
{1an 2ιξ1ἐ2 2222222222 22222222 2222222222 2222222 222222. 22222 2222222222 222 unt 222222 222222
22222

-ι--

 

